# Histogram data for LaTeX/PGFPlots
# Generated from: case3d Reconstruction Error Histogram
# Total samples: 3802693632
# Mean: 8.363393e-03, Std: 1.031792e-02
# Bin_center Density
1.898333e-04 1.160053e+02
5.695000e-04 1.101704e+02
9.491666e-04 1.070100e+02
1.328833e-03 1.075281e+02
1.708500e-03 1.074708e+02
2.088167e-03 1.043311e+02
2.467833e-03 9.896501e+01
2.847500e-03 9.373502e+01
3.227167e-03 8.900568e+01
3.606833e-03 8.492747e+01
3.986500e-03 8.099101e+01
4.366166e-03 7.718901e+01
4.745833e-03 7.354163e+01
5.125500e-03 6.990596e+01
5.505166e-03 6.626328e+01
5.884833e-03 6.274462e+01
6.264500e-03 5.928869e+01
6.644167e-03 5.594081e+01
7.023833e-03 5.275300e+01
7.403500e-03 4.972180e+01
7.783166e-03 4.691595e+01
8.162833e-03 4.427009e+01
8.542500e-03 4.177309e+01
8.922166e-03 3.944583e+01
9.301833e-03 3.725395e+01
9.681500e-03 3.525196e+01
1.006117e-02 3.334532e+01
1.044083e-02 3.156045e+01
1.082050e-02 2.989799e+01
1.120017e-02 2.832085e+01
1.157983e-02 2.686597e+01
1.195950e-02 2.548848e+01
1.233917e-02 2.418668e+01
1.271883e-02 2.294637e+01
1.309850e-02 2.176942e+01
1.347817e-02 2.068285e+01
1.385783e-02 1.964420e+01
1.423750e-02 1.865153e+01
1.461717e-02 1.771766e+01
1.499683e-02 1.682674e+01
1.537650e-02 1.599545e+01
1.575617e-02 1.520496e+01
1.613583e-02 1.445844e+01
1.651550e-02 1.375205e+01
1.689517e-02 1.306401e+01
1.727483e-02 1.243849e+01
1.765450e-02 1.182829e+01
1.803417e-02 1.125089e+01
1.841383e-02 1.071106e+01
1.879350e-02 1.018815e+01
1.917317e-02 9.712904e+00
1.955283e-02 9.253546e+00
1.993250e-02 8.825098e+00
2.031217e-02 8.410745e+00
2.069183e-02 8.017438e+00
2.107150e-02 7.660855e+00
2.145117e-02 7.312370e+00
2.183083e-02 6.984923e+00
2.221050e-02 6.675782e+00
2.259017e-02 6.367923e+00
2.296983e-02 6.096901e+00
2.334950e-02 5.835995e+00
2.372917e-02 5.583805e+00
2.410883e-02 5.328999e+00
2.448850e-02 5.113850e+00
2.486817e-02 4.896375e+00
2.524783e-02 4.691861e+00
2.562750e-02 4.492594e+00
2.600717e-02 4.293880e+00
2.638683e-02 4.125370e+00
2.676650e-02 3.956495e+00
2.714617e-02 3.795622e+00
2.752583e-02 3.640758e+00
2.790550e-02 3.486082e+00
2.828517e-02 3.356112e+00
2.866483e-02 3.222278e+00
2.904450e-02 3.095434e+00
2.942417e-02 2.973650e+00
2.980383e-02 2.846945e+00
3.018350e-02 2.745695e+00
3.056317e-02 2.639992e+00
3.094283e-02 2.538526e+00
3.132250e-02 2.439037e+00
3.170216e-02 2.336526e+00
3.208183e-02 2.258186e+00
3.246150e-02 2.172373e+00
3.284116e-02 2.093452e+00
3.322083e-02 2.014801e+00
3.360050e-02 1.930118e+00
3.398016e-02 1.870206e+00
3.435983e-02 1.803798e+00
3.473950e-02 1.739486e+00
3.511916e-02 1.677761e+00
3.549883e-02 1.608754e+00
3.587850e-02 1.561647e+00
3.625816e-02 1.511116e+00
3.663783e-02 1.461993e+00
3.701750e-02 1.412268e+00
3.739716e-02 1.356703e+00
3.777683e-02 1.320305e+00
3.815650e-02 1.279109e+00
3.853616e-02 1.240399e+00
3.891583e-02 1.202018e+00
3.929550e-02 1.154874e+00
3.967516e-02 1.130335e+00
4.005483e-02 1.097594e+00
4.043450e-02 1.065426e+00
4.081417e-02 1.034382e+00
4.119383e-02 9.983501e-01
4.157350e-02 9.759696e-01
4.195317e-02 9.505234e-01
4.233283e-02 9.249319e-01
4.271250e-02 8.991179e-01
4.309217e-02 8.669560e-01
4.347183e-02 8.527583e-01
4.385150e-02 8.324661e-01
4.423117e-02 8.121559e-01
4.461083e-02 7.894284e-01
4.499050e-02 7.614285e-01
4.537017e-02 7.532810e-01
4.574983e-02 7.336662e-01
4.612950e-02 7.183990e-01
4.650917e-02 6.939628e-01
4.688883e-02 6.847653e-01
4.726850e-02 6.709984e-01
4.764817e-02 6.552263e-01
4.802783e-02 6.424195e-01
4.840750e-02 6.168022e-01
4.878717e-02 6.130371e-01
4.916683e-02 5.998763e-01
4.954650e-02 5.856412e-01
4.992617e-02 5.726175e-01
5.030583e-02 5.506872e-01
5.068550e-02 5.467385e-01
5.106517e-02 5.338907e-01
5.144483e-02 5.208165e-01
5.182450e-02 5.103480e-01
5.220417e-02 4.919363e-01
5.258383e-02 4.859297e-01
5.296350e-02 4.750096e-01
5.334317e-02 4.650287e-01
5.372283e-02 4.554550e-01
5.410250e-02 4.357273e-01
5.448217e-02 4.318167e-01
5.486183e-02 4.234690e-01
5.524150e-02 4.133835e-01
5.562117e-02 4.035564e-01
5.600083e-02 3.866276e-01
5.638050e-02 3.849875e-01
5.676017e-02 3.762111e-01
5.713983e-02 3.667011e-01
5.751950e-02 3.567805e-01
5.789917e-02 3.422379e-01
5.827883e-02 3.383639e-01
5.865850e-02 3.299276e-01
5.903817e-02 3.211422e-01
5.941783e-02 3.120998e-01
5.979750e-02 2.965425e-01
6.017717e-02 2.957189e-01
6.055683e-02 2.862707e-01
6.093650e-02 2.789529e-01
6.131617e-02 2.705298e-01
6.169583e-02 2.579792e-01
6.207550e-02 2.558680e-01
6.245516e-02 2.491900e-01
6.283483e-02 2.418407e-01
6.321450e-02 2.354567e-01
6.359416e-02 2.244430e-01
6.397383e-02 2.232843e-01
6.435350e-02 2.173851e-01
6.473316e-02 2.110807e-01
6.511283e-02 2.053574e-01
6.549250e-02 1.953266e-01
6.587216e-02 1.951015e-01
6.625183e-02 1.897294e-01
6.663150e-02 1.855383e-01
6.701116e-02 1.799792e-01
6.739083e-02 1.716398e-01
6.777050e-02 1.717749e-01
6.815016e-02 1.668384e-01
6.852983e-02 1.630123e-01
6.890950e-02 1.549555e-01
6.928916e-02 1.545462e-01
6.966883e-02 1.516717e-01
7.004850e-02 1.480056e-01
7.042816e-02 1.445549e-01
7.080783e-02 1.373113e-01
7.118750e-02 1.384604e-01
7.156716e-02 1.350193e-01
7.194683e-02 1.325224e-01
7.232650e-02 1.291991e-01
7.270616e-02 1.230880e-01
7.308583e-02 1.242156e-01
7.346550e-02 1.220449e-01
7.384516e-02 1.194752e-01
7.422483e-02 1.173044e-01
7.460450e-02 1.113353e-01
7.498416e-02 1.128245e-01
7.536383e-02 1.112778e-01
7.574350e-02 1.088778e-01
7.612316e-02 1.077647e-01
7.650283e-02 1.018558e-01
7.688250e-02 1.039088e-01
7.726216e-02 1.021994e-01
7.764183e-02 1.005468e-01
7.802150e-02 9.898348e-02
7.840116e-02 9.377692e-02
7.878083e-02 9.634384e-02
7.916050e-02 9.459077e-02
7.954016e-02 9.341052e-02
7.991983e-02 9.195944e-02
8.029950e-02 8.645990e-02
8.067916e-02 8.918058e-02
8.105883e-02 8.775166e-02
8.143850e-02 8.639271e-02
8.181816e-02 8.536206e-02
8.219783e-02 8.022200e-02
8.257750e-02 8.239619e-02
8.295716e-02 8.168831e-02
8.333683e-02 8.111689e-02
8.371650e-02 7.931464e-02
8.409616e-02 7.470375e-02
8.447583e-02 7.717370e-02
8.485550e-02 7.614513e-02
8.523516e-02 7.537908e-02
8.561483e-02 7.359138e-02
8.599450e-02 6.870897e-02
8.637416e-02 7.124403e-02
8.675383e-02 7.026187e-02
8.713350e-02 6.881980e-02
8.751316e-02 6.797963e-02
8.789283e-02 6.309930e-02
8.827250e-02 6.563089e-02
8.865216e-02 6.459263e-02
8.903183e-02 6.353081e-02
8.941150e-02 6.251541e-02
8.979116e-02 5.828547e-02
9.017083e-02 6.065152e-02
9.055050e-02 5.968598e-02
9.093016e-02 5.869759e-02
9.130983e-02 5.503007e-02
9.168950e-02 5.670556e-02
9.206916e-02 5.635370e-02
9.244883e-02 5.490886e-02
9.282850e-02 5.445172e-02
9.320816e-02 5.092758e-02
9.358783e-02 5.288428e-02
9.396750e-02 5.161883e-02
9.434716e-02 5.154749e-02
9.472683e-02 5.092550e-02
9.510650e-02 4.756828e-02
9.548616e-02 4.919183e-02
9.586583e-02 4.866958e-02
9.624550e-02 4.777746e-02
9.662516e-02 4.747547e-02
9.700483e-02 4.437038e-02
9.738450e-02 4.617955e-02
9.776416e-02 4.584431e-02
9.814383e-02 4.502977e-02
9.852350e-02 4.457055e-02
9.890316e-02 4.177091e-02
9.928283e-02 4.315480e-02
9.966250e-02 4.264779e-02
1.000422e-01 4.253211e-02
1.004218e-01 4.156866e-02
1.008015e-01 3.871984e-02
1.011812e-01 4.084000e-02
1.015608e-01 4.040225e-02
1.019405e-01 3.979135e-02
1.023202e-01 3.954892e-02
1.026998e-01 3.684625e-02
1.030795e-01 3.867551e-02
1.034592e-01 3.790876e-02
1.038388e-01 3.758668e-02
1.042185e-01 3.736434e-02
1.045982e-01 3.478912e-02
1.049778e-01 3.640712e-02
1.053575e-01 3.627136e-02
1.057372e-01 3.545959e-02
1.061168e-01 3.517630e-02
1.064965e-01 3.303951e-02
1.068762e-01 3.442479e-02
1.072558e-01 3.398566e-02
1.076355e-01 3.365111e-02
1.080152e-01 3.315380e-02
1.083948e-01 3.117424e-02
1.087745e-01 3.256021e-02
1.091542e-01 3.213354e-02
1.095338e-01 3.164246e-02
1.099135e-01 3.140212e-02
1.102932e-01 2.924386e-02
1.106728e-01 3.024680e-02
1.110525e-01 3.015260e-02
1.114322e-01 2.960749e-02
1.118118e-01 2.945858e-02
1.121915e-01 2.727469e-02
1.125712e-01 2.855953e-02
1.129508e-01 2.815988e-02
1.133305e-01 2.770205e-02
1.137102e-01 2.660032e+00
